7127343
7041025
7029415
6878085
6832529
6830528
6793604
6780135
6712725
6702706
6685594
6620074
6595086
6581745
6554735
6551211
6227995
6019695
5951430
5916054
5906557
5868642
5295919
5254052
5248284
5246408
5234091
5215161
5205797
5172787
5171294
5133696
5098351
5097921
5095776
5083988
5080641
5071396
5066268
5041068
5033329
4969532
4967861
4915191
4907472
4882949
4875698
4846765
4819506
4805713
4787269
4628770
4552036
4535650
4480505
4450734
4241621